0.0	5041.140970147288	3516.141313663935	[5602.319901608342, 4479.962038693865]	51
2.0	1923.6662339391228	3082.016632480448	[4940.251102444823, 3116.3391040799333]	68
4.0	-67.04020746659444	2778.1814307530767	[4342.813164322715, 1799.4637042305146]	60
6.0	-1535.6883843242076	2477.425973233943	[3248.5988726355404, 1678.828608881388]	110
8.0	-2331.2648982599694	1756.7158518177096	[2163.4040386858233, 1380.3341046840096]	199


0.0	0.0	1968.6391229708324	3319.009477806725	[1686.383089446945, 920.4507264419245]
0.0	2.0	2014.6442963458337	2747.0893667868327	[1386.8329362096727, 598.180162896944]
0.0	4.0	2019.0741942711911	2473.1926384748804	[1316.5747903572324, 548.8481653925218]
0.0	6.0	2020.4159818627677	2254.5193128272813	[1385.185429014727, 570.0091327609899]
0.0	8.0	2142.4231390505647	1651.0604545158303	[1202.8469086345144, 625.8941192441472]
