
all 6170.335579007851	80
rec 4136.941526359151	54
sta 4257.704479542642	50

noyaw
rec 3243.47245537241
sta 3031.33028965311

rectangular
40 40 3861.5269835716213
40 45 3357.733795585238
40 50 3380.852598353069
40 55 3423.785730306154
40 60 2800.822284251433
45 40 3388.7517181794815
45 45 2900.9021205067006
45 50 2954.005653730976
45 55 2997.764374510414
45 60 2557.345917065944
50 40 3350.930880315198
50 45 2895.9617315997584
50 50 2988.113767413839
50 55 3031.196157610079
50 60 2666.193790103122
55 40 2870.122120668068
55 45 2470.708559467977
55 50 2555.3935907420087
55 55 2624.5428859787417
55 60 2003.7627696539162
60 40 2880.2093810785284136.9
60 45 2445.4296180499177
60 50 2537.791645045283
60 55 2669.0593806456213
60 60 2054.4135543739985

staggered
40 40 3879.429980881665
40 45 3193.3084193118298
40 50 3270.522969892198
40 55 3315.6100591344534
40 60 2533.41967785991
45 40 3439.675537156013
45 45 2904.277606371658
45 50 2890.392979859006
45 55 2927.6175014862947
45 60 2440.0999854368442
50 40 3454.8180718998356
50 45 2939.4519455733544
50 50 2969.298036265115
50 55 2994.0464952007715
50 60 2494.2646432047704
55 40 2981.815466404593
55 45 2563.0962000915047
55 50 2642.1161780754064
55 55 2912.0677883501107
55 60 1989.394255370869
60 40 3023.086464326849
60 45 2591.5537299625234
60 50 2594.9910421285417
60 55 2554.6167051032944
60 60 1960.6237401588755
4136.941525929187	54
4257.704478966254	50
6170.335579008408	80
3031.3302897131175	50
4257.704478958145	50
3243.4724554757477	54
4136.94152592469	54
