5.0	-25587.373195466305	471.2876261845595	26058.660821650865
10.0	-24667.79182889312	835.2866556990957	25503.078484592217
15.0	-23749.589085470874	1109.1510664382367	24858.74015190911
20.0	-22942.727341416834	1371.1226310890888	24313.849972505923
25.0	-22532.267766333498	1645.4630034741822	24177.73076980768
30.0	-21736.829661664673	1868.26174969368	23605.091411358353
35.0	-21545.802379468503	2049.484156298713	23595.286535767216
40.0	-20870.121316312216	2261.437658120114	23131.55897443233
45.0	-20822.798795287737	2382.0295136816894	23204.828308969427
50.0	-20442.197897424514	2547.8007359486983	22989.998633373212
5
509 -24635.156519048785
10
222 -23458.738678766702
15
154 -22628.840069673315
20
368 -22013.541860781203
25
368 -21470.970923391447
30
356 -20821.35896957968
35
392 -20556.479608984006
40
260 -19961.529304488336
45
353 -19713.27136713512
50
345 -19347.28357018022
5.0	    -24617.021366838766	942.5752523691219   1441.6394548120988	26058.660821650865
10.0	-23445.044857001078	835.2866556990962   2058.033627591125	25503.078484592203
15.0	-22611.37657695213	739.4340442921574   2247.3635749569767	24858.740151909107
20.0	-21997.289102289953	685.5613155445437   2316.5608702160243	24313.849972505977
25.0	-21440.276500877266	658.1852013896732   2737.4542689304144	24177.73076980768
30.0	-20784.020146073242	622.7539165645597   2821.0712652851216	23605.091411358364
35.0	-20519.45911103472	585.5669017996327   3075.8274247324953	23595.286535767216
40.0	-19915.38020986092	565.3594145300283   3216.1787645714103	23131.55897443233
45.0	-19697.27984922543	529.3398919292647   3507.5484597440663	23204.828308969496
50.0	-19277.195997183007	509.5601471897399   3712.8026361901575	22989.998633373165
