#BE  BE_e
#(str(scaled_functional)+str(cb.average_power[-1]-cb.average_profit[-1])+str(cb.average_power[-1])+str(effect_two)+'\t') 
5.0	5.0	
23564.50098413945	584.3138064646628	26831.87377436545	[5366.11796752267]	
5.0	15.0	
17801.231203260802	628.0171819800125	26652.7833277885	[5482.356628365123]	
5.0	25.0	
12180.91676724366	658.1296414357021	26693.01042204126	[5541.58560534476]
5.0	35.0	
6325.248269287287	682.5225671770459	26587.690799930064	[5594.262846704494]	

15.0	5.0	
22868.881912203502	1468.7020325964368	26949.56239881069	[5223.9569080215]
15.0	15.0	
16938.438151974977	1558.5889349384888	26529.635474714403	[5355.072258533958]	
15.0	25.0	
11337.728152620068	1674.7396049245726	26552.875108284516	[5416.16294029595]
15.0	35.0	
5609.157791220965	1698.9556765671878	26441.570987631545	[5466.702148526683]		
15.0	45.0	
4423.41752369684	1366.408783653238	24708.39047874438	[4204.125371420956]	

25.0	5.0	
22041.525362289667	2156.837340148897	26751.455586752953	[5106.1857686287785]
25.0	15.0	
16600.903416289715	1854.2754013290833	24979.576640577103	[4349.598548638869]
25.0	25.0	
10617.659381887572	2448.725437012741	26438.12642725399	[5348.69664334147]
25.0	35.0	
5363.4174085947925	2309.9886940019533	25649.98044590355	[5136.164098087659]	
25.0	45.0	
3950.7808147709657	2045.9728271382555	24663.36308467666	[4148.1354317260975]

35.0	5.0	
21301.09324125336	2689.156718882783	26483.316455402964	[4986.132990533645]	
35.0	15.0	
15952.139196788445	2348.1114835013686	24791.01040542496	[4327.173150090098]	
35.0	25.0	
9914.53840898801	3090.1880246314067	26229.878567043048	[5290.060853369453]
35.0	35.0	
4559.053954456296	2939.4407823519978	25452.292786481492	[5129.656585620914]	
35.0	45.0	
-1552.696791104583	3364.16556822868	25996.130945319852	[5374.369370710168]	

45.0	5.0	
20685.706188774213	3125.07067389461	26242.2846228413	[4863.015520344956]	
45.0	15.0	
15481.256931812757	2655.6961521604426	24464.362152619993	[4218.272712431196]	
45.0	25.0	
11261.161850560358	2795.1542581363756	24323.716246776672	[4106.960055231975]	
45.0	35.0	
3834.650589607085	3505.1686829434984	25280.868154287797	[5126.013966210632]	
45.0	45.0	
-2178.4902476531097	4083.0860273186554	25920.151343504178	[5336.790125297473]	25.0	15.0	16600.90341628971	1854.2754013290833	24979.576640577103	[4349.598548638873]	25.0	15.0	18848.74466429913	1909.702336301274	26195.91340503326	[3624.977602955237]	