#BE  BE_environment
#(str(scaled_functional)+str(cb.average_power[-1]-cb.average_profit[-1])+str(cb.average_power[-1])+str(effect_two)+'\t') 
5.0	5.0	
23564.50098413945	584.3138064646628	26831.87377436545	[5366.11796752267]	
5.0	15.0	
17801.231203260802	628.0171819800125	26652.7833277885	[5482.356628365123]	
5.0	25.0	
12180.91676724366	658.1296414357021	26693.01042204126	[5541.58560534476]
5.0	35.0	
6325.248269287287	682.5225671770459	26587.690799930064	[5594.262846704494]	

15.0	5.0	
22868.881912203502	1468.7020325964368	26949.56239881069	[5223.9569080215]
15.0	15.0	
16938.438151974977	1558.5889349384888	26529.635474714403	[5355.072258533958]	
15.0	25.0	
11337.728152620068	1674.7396049245726	26552.875108284516	[5416.16294029595]
15.0	35.0	
5609.157791220965	1698.9556765671878	26441.570987631545	[5466.702148526683]		
15.0	45.0	
4423.41752369684	1366.408783653238	24708.39047874438	[4204.125371420956]	

25.0	5.0	
22041.525362289667	2156.837340148897	26751.455586752953	[5106.1857686287785]
25.0	15.0	
16600.903416289715	1854.2754013290833	24979.576640577103	[4349.598548638869]
25.0	25.0	
10617.659381887572	2448.725437012741	26438.12642725399	[5348.69664334147]
25.0	35.0	
5363.4174085947925	2309.9886940019533	25649.98044590355	[5136.164098087659]	
25.0	45.0	
3950.7808147709657	2045.9728271382555	24663.36308467666	[4148.1354317260975]

35.0	5.0	
21301.09324125336	2689.156718882783	26483.316455402964	[4986.132990533645]	
35.0	15.0	
15952.139196788445	2348.1114835013686	24791.01040542496	[4327.173150090098]	
35.0	25.0	
9914.53840898801	3090.1880246314067	26229.878567043048	[5290.060853369453]
35.0	35.0	
4559.053954456296	2939.4407823519978	25452.292786481492	[5129.656585620914]	
35.0	45.0	
-1552.696791104583	3364.16556822868	25996.130945319852	[5374.369370710168]	

45.0	5.0	
20685.706188774213	3125.07067389461	26242.2846228413	[4863.015520344956]	
45.0	15.0	
15481.256931812757	2655.6961521604426	24464.362152619993	[4218.272712431196]	
45.0	25.0	
11261.161850560358	2795.1542581363756	24323.716246776672	[4106.960055231975]	
45.0	35.0	
3834.650589607085	3505.1686829434984	25280.868154287797	[5126.013966210632]	
45.0	45.0	
-2178.4902476531097	4083.0860273186554	25920.151343504178	[5336.790125297473]	

5.0	    5.0	    23838.29586904781	566.6143250168752	26964.275685447417	[5118.730982765459]	
5.0	    15.0	18717.862972857336	566.6953918097824	26964.336040408136	[5119.851783827346]	
5.0	    25.0	13591.197851287925	566.4962366121035	26963.83828872553	[5122.4576803302]	
5.0	    35.0	8461.618511744771	566.3775979270504	26963.542195450606	[5124.441738793938]	
5.0	    45.0	3330.0649922379926	566.2653675142465	26963.27908811904	[5125.988606303734]	
15.0	5.0	    22895.517014935365	1380.2923776531316	26752.576960160255	[4953.535135143513]	
15.0	15.0	17938.768243617305	1380.4493796486895	26752.732665960266	[4955.676695129513]	
15.0	25.0	12977.812801206306	1380.6572126506508	26752.92242169732	[4957.780963136145]	
15.0	35.0	8013.693048026074	1380.743361908062	26752.91294004371	[4959.564722888449]	
15.0	45.0	3049.238376090696	1380.8279006815392	26752.87725794724	[4960.624662483334]	
25.0	15.0	17463.686492259993	2100.7588995280457	26814.06037551902	[4833.076655820654]	
25.0	25.0	12627.42471478217	2102.78935595684	26816.020491031464	[4834.3225681169815]	
25.0	35.0	7804.486511697618	2099.200965322325	26816.243563752443	[4832.158881923571]	
25.0	45.0	2962.760556073219	2097.0669076567174	26813.94676448687	[4834.248733501541]	
35.0	5.0	    21584.733641867533	2616.912575894028	26546.809376479578	[4690.326317436034]	
35.0	15.0	16893.190480540194	2615.2059367387155	26546.438541013413	[4692.028082489667]	
35.0	25.0	12191.54172195103	2616.8552066642515	26548.019549399727	[4695.849048313778]	
35.0	35.0	7505.72272864222	2616.553730232081	26547.70702609775	[4692.980162063842]	
35.0	45.0	2812.6695900473533	2614.0107045846344	26544.967258759465	[4692.952658694995]	
45.0	5.0	    20930.55377677119	3033.510192166683	26254.235938178077	[4580.343938480405]	
45.0	15.0	16345.419346392848	3034.8299507713236	26255.586368492033	[4583.558047551908]	
45.0	25.0	11766.901927107287	3035.8763656854935	26256.574974030296	[4581.518672495006]	
45.0	35.0	7153.516338595697	3053.4561762449375	26267.671008126006	[4588.770998081535]	
45.0	45.0	2547.733773725202	3067.796870288912	26281.888015834476	[4592.523860404524]	

0.0	0.0	-6.146911540902738e-11	0.0	0.0	[4.097941027268492e-11]	

5.0	50.0	24416.484077196725	557.8638995428664	27194.98704234749	[444.12781312157966]	
5.0	100.0	22017.542421527352	552.2195130034925	27115.820407780793	[454.60584732499467]
	