0.0	0.0	3319.0094778067155	[1686.383089446978, 920.4507264419658]	1968.6391229708324
0.0	2.0	2942.3385762332423	[1528.2230025854901, 593.573968716129]	2029.4670917831158
0.0	4.0	2473.192638474875	[1316.5747903583629, 548.848165394904]	2019.0741942711911
0.0	6.0	2254.519312827269	[1385.1854290148565, 570.0091327597188]	2020.4159818627677
0.0	8.0	1651.060454515944	[1202.8469086345167, 625.8941192442345]	2142.4231390505647

2.0	0.0	3332.9307247854567	[1701.512720774155, 937.6164071891543]	1964.6658342351197
2.0	2.0	3113.2508861761794	[1533.9295870875915, 730.4278023378248]	2002.3696917583468
2.0	4.0	2918.1700501276815	[1513.6102013634638, 680.3078685154331]	2100.9447407524362
2.0	6.0	2647.098000036039	[1351.7842861564147, 537.1426116388187]	2028.7835028506663
2.0	8.0	2611.4978570570033	[1329.8480041177322, 530.6360558352816]	2028.2583907038302

4.0	0.0	3259.7167705517168	[1721.6387022489607, 952.616570973951]	1920.8256426137386
4.0	2.0	3170.926685169856	[1495.618047467275, 747.5106587116389]	1969.961138584704
4.0	4.0	2939.785046384122	[1530.2114792729587, 648.5679232466427]	1973.148904048249
4.0	6.0	2633.6735929594265	[1434.3215556129605, 641.5438580709354]	1979.8256311229193
4.0	8.0	2496.006921190947	[1366.8930347587573, 616.0300180868066]	1981.4699089334456

6.0	0.0	3128.181612051321	[1710.0689307103419, 1027.0020395659947]	1861.1112223949033
6.0	2.0	2921.1223272199013	[1473.545264193503, 830.1886187523485]	1905.2890191127856
6.0	4.0	2839.0405991588555	[1469.6879895769728, 766.6708248550132]	1947.4733038429067
6.0	6.0	2393.1840422238756	[1334.2481189876905, 642.8997618749233]	1942.4500731088367
6.0	8.0	2213.516344613958	[1360.8692171640664, 680.4323398147018]	1937.9473290575377

8.0	0.0	3131.0533482396086	[1664.5486874019396, 991.4722071213286]	1856.4545549599313
8.0	2.0	2801.334680741385	[1510.0292155554744, 704.6508000388684]	1882.9521176865758
8.0	4.0	2517.521590871409	[1322.1682238943295, 649.6466630601676]	1925.675726951323
8.0	6.0	2050.91137870158	[1512.1932278745958, 606.0535505017295]	1895.7388504747742
8.0	8.0	1619.0864945589449	[1193.287563565884, 460.40785402768404]	1866.2993439636007
